58.867523
12.424384
6.536214
2.411512
2.265860
4.879846
3.562174
4.119607
1.192509
4.104215
3.395227
5.125264
2.142334
2.611444
1.919631
3.184804
2.686887
2.852970
2.718919
3.044743
2.724228
1.037039
3.677630
2.620300
1.306948
1.045978
3.567909
1.988689
2.807348
1.379402
1.113887
1.423508
0.909613
0.523161
1.834465
1.598440
2.103873
1.210435
0.979869
1.330847
1.608625
0.386877
0.458965
0.805303
0.995028
1.004734
0.516924
1.201206
0.301786
0.952326
1.406393
0.894092
0.821830
1.084595
0.265702
0.468665
0.862297
0.416396
0.432365
0.698865
0.485496
0.281102
0.536926
1.155898
1.748032
1.155898
0.536926
0.281102
0.485496
0.698865
0.432365
0.416396
0.862297
0.468665
0.265702
1.084595
0.821830
0.894092
1.406393
0.952326
0.301786
1.201206
0.516924
1.004734
0.995028
0.805303
0.458965
0.386877
1.608625
1.330847
0.979869
1.210435
2.103873
1.598440
1.834465
0.523161
0.909613
1.423508
1.113887
1.379402
2.807348
1.988689
3.567909
1.045978
1.306948
2.620300
3.677630
1.037039
2.724228
3.044743
2.718919
2.852970
2.686887
3.184804
1.919631
2.611444
2.142334
5.125264
3.395227
4.104215
1.192509
4.119607
3.562174
4.879846
2.265860
2.411512
6.536214
12.424384
